1 2 1 9 7 14 10 -1
2 14 6 11 2 8 -1
3 10 1 12 13 2 6 9 -1
4 10 7 1 6 12 15 8 -1
5 4 2 11 5 7 14 3 8 1 -1
6 2 11 3 9 10 4 12 8 -1
7 10 12 2 7 4 1 -1
8 3 2 4 13 6 11 -1
9 4 2 10 9 8 3 11 12 5 -1
10 10 13 2 11 9 14 12 -1
11 6 3 9 5 15 10 -1
12 14 12 7 13 9 -1
13 13 11 7 12 5 6 14 10 -1
14 3 5 14 12 8 9 15 7 2 6 -1
15 14 9 7 3 8 -1
16 10 8 15 13 3 4 -1
17 13 6 3 15 8 -1
18 11 12 15 1 6 10 -1
19 11 10 1 8 12 2 -1
20 5 4 12 13 14 8 -1
21 5 1 9 3 13 4 10 8 -1
22 4 13 6 10 1 14 5 -1
23 4 10 15 2 5 -1
24 9 11 12 1 7 3 -1
25 3 2 6 8 13 7 -1
26 15 11 9 6 10 14 1 -1
27 5 13 3 9 10 12 8 1 -1
28 10 2 9 3 4 11 -1
29 15 11 4 9 6 12 14 8 -1
30 10 12 -1
-1
29 28
20 12
6 3
5 25
8 25
1 6
6 23
20 17
-1
