12
16
6 7 4 0 1 3
9 4 4 2 4 3
2 10 4 1 2 3
7 11 4 9 8 2
2 6 4 2 10 1
4 9 4 4 11 3
9 2 4 7 9 2
8 9 4 1 1 2
9 9 4 3 7 1
1 9 4 7 5 3
0 8 4 11 10 2
8 5 4 3 1 2
1 10 4 3 9 1
4 6 4 8 5 2
10 6 4 4 0 3
6 2 4 5 8 2
10 3 4 9 11 2
4 1 4 10 2 1
7 1 4 4 10 3
2 5 4 0 2 1
8 5 4 6 11 3
8 3 4 8 3 3
5 0 4 5 11 2
3 1 4 5 10 2
7 4 4 6 8 3
9 5 4 10 11 1
8 3 4 1 10 2
3 0 4 8 0 1
3 9 4 0 11 3
5 4 4 7 3 1
11 3 4 3 3 1
10 2 4 2 7 2
2 9 4 10 0 3
2 0 4 4 7 3
1 8 4 6 3 3
3 2 4 10 9 1
11 11 4 5 4 2
3 3 4 9 9 2
9 0 4 1 7 1
4 0 4 4 1 3
2 4 4 2 11 3
10 1 4 6 11 2
2 5 4 2 7 3
1 7 4 7 8 3
11 6 4 9 4 1
8 0 4 5 7 3
9 9 4 10 11 3
2 4 4 9 11 1
0 3 4 3 11 3
11 7 4 3 0 2
2 9 4 5 2 3
5 2 4 0 11 1
6 10 4 5 8 3
4 8 4 8 11 1
7 0 4 10 5 1
5 6 4 3 8 2
0 6 4 7 6 3
2 5 4 10 4 3
5 10 4 11 11 1
10 10 4 6 0 3
4 11 4 2 8 2
0 8 4 10 3 3
6 11 4 0 0 1
1 3 4 8 2 2
2 0 4 2 2 2
6 11 4 5 6 3
0 4 4 11 3 1
10 8 4 3 4 3
4 3 4 7 4 2
4 11 4 3 11 1
8 11 4 7 2 3
6 3 4 9 8 1
8 0 4 1 0 2
-1 -1 -1 -1 -1 -1
