20
20
12 9 4 19 4 3
6 17 4 19 0 2
2 5 4 3 15 2
13 11 4 6 8 1
9 18 4 12 14 3
19 7 4 10 18 1
16 8 4 15 13 2
9 4 4 9 2 1
11 4 4 9 15 3
10 19 4 6 16 2
11 0 4 15 14 1
4 10 4 7 10 1
9 9 4 9 14 1
14 5 4 10 1 2
18 7 4 2 11 1
13 10 4 8 17 1
15 8 4 18 17 1
15 6 4 15 5 3
13 18 4 9 13 2
2 0 4 15 10 2
7 17 4 16 19 3
10 3 4 1 2 1
5 1 4 11 3 1
2 7 4 8 1 1
14 2 4 15 1 2
19 14 4 7 13 2
11 17 4 6 3 2
11 10 4 2 2 3
10 17 4 14 15 3
5 14 4 19 12 1
0 18 4 15 2 1
8 10 4 19 19 2
15 9 4 3 11 1
16 0 4 17 9 3
9 14 4 5 18 3
15 7 4 8 0 1
16 2 4 1 4 1
15 4 4 9 13 1
10 17 4 6 8 3
1 2 4 1 7 1
4 2 4 12 14 1
9 14 4 9 17 1
4 2 4 16 2 1
13 19 4 16 15 2
4 18 4 9 6 2
12 7 4 6 16 1
0 4 4 4 8 1
7 6 4 9 1 3
0 12 4 18 10 1
18 6 4 7 1 1
6 10 4 15 5 1
3 2 4 9 8 1
1 7 4 14 9 1
16 4 4 11 8 1
6 14 4 13 8 2
8 8 4 0 5 1
2 16 4 5 17 3
7 16 4 13 13 3
11 7 4 11 8 2
19 16 4 3 18 1
10 17 4 9 12 2
18 7 4 19 10 2
4 17 4 1 9 3
14 9 4 6 17 2
1 11 4 16 17 3
17 2 4 4 15 1
1 2 4 10 9 3
15 15 4 18 19 1
5 10 4 19 14 3
8 11 4 8 8 2
4 4 4 19 2 3
2 6 4 8 11 2
12 15 4 8 1 2
11 8 4 18 18 2
17 13 4 18 2 3
16 12 4 14 18 2
16 12 4 6 4 1
15 12 4 18 11 3
7 11 4 7 15 3
8 10 4 19 0 3
2 18 4 10 13 2
7 17 4 18 7 2
8 6 4 10 15 1
5 15 4 2 1 3
0 5 4 6 15 3
7 8 4 1 4 2
3 17 4 5 16 2
10 16 4 9 9 1
17 11 4 8 5 1
3 11 4 12 8 2
4 17 4 12 6 3
13 4 4 7 14 2
2 6 4 19 1 3
14 12 4 17 8 3
16 17 4 14 11 1
9 17 4 8 12 3
7 2 4 4 9 1
0 4 4 7 4 1
1 7 4 13 17 2
19 8 4 18 3 2
13 3 4 10 4 2
10 7 4 14 3 1
1 2 4 7 9 2
14 3 4 18 0 1
7 10 4 12 4 3
4 14 4 4 3 3
9 4 4 17 16 2
6 13 4 15 13 3
12 3 4 10 9 1
16 19 4 0 14 3
13 3 4 1 0 1
19 14 4 11 8 3
11 0 4 14 4 1
13 6 4 8 13 1
11 14 4 11 13 2
15 4 4 9 0 2
19 17 4 9 16 1
9 18 4 3 4 3
18 7 4 7 16 3
13 11 4 16 9 1
10 6 4 11 2 2
17 3 4 13 14 3
10 16 4 11 16 2
12 9 4 12 18 1
18 1 4 16 16 2
16 12 4 11 13 1
5 11 4 5 14 2
12 11 4 14 6 2
2 15 4 14 19 2
11 1 4 9 9 3
3 12 4 4 8 3
12 4 4 17 3 2
9 0 4 4 3 1
5 6 4 8 17 2
9 14 4 14 16 3
15 3 4 16 6 2
10 14 4 17 4 1
17 7 4 14 5 1
10 8 4 9 5 1
14 12 4 1 18 1
2 17 4 19 10 1
7 14 4 15 7 3
5 11 4 13 11 2
5 3 4 1 3 2
12 15 4 17 5 1
15 16 4 19 13 3
13 16 4 0 10 2
10 18 4 14 5 3
6 14 4 12 12 2
12 3 4 0 2 3
9 18 4 4 17 2
3 8 4 7 12 2
19 13 4 7 11 1
3 17 4 15 16 3
10 2 4 3 15 3
18 6 4 2 5 1
7 6 4 2 12 2
5 14 4 0 6 2
11 2 4 1 14 2
12 16 4 8 15 1
6 3 4 9 2 3
19 17 4 15 7 2
4 18 4 10 14 1
19 17 4 3 17 1
1 12 4 0 2 2
8 15 4 1 19 3
5 10 4 6 6 2
9 11 4 8 15 2
3 12 4 6 2 3
18 8 4 3 0 1
9 2 4 11 14 3
11 6 4 0 15 3
14 14 4 4 19 1
19 6 4 7 8 3
3 11 4 11 14 2
19 11 4 2 12 3
15 10 4 13 15 3
14 5 4 13 13 1
3 1 4 16 17 1
10 6 4 4 13 2
8 14 4 1 12 2
2 17 4 8 18 3
17 12 4 15 6 1
-1 -1 -1 -1 -1 -1
