1 0 94 59 97 57 7 3 4 86 -1
2 0 71 75 78 51 56 11 73 -1
3 1 21 44 92 34 25 86 24 50 -1
4 0 94 72 64 23 80 40 -1
5 0 48 9 20 89 86 37 80 39 -1
6 0 76 89 41 52 53 78 57 -1
7 0 22 66 2 98 60 48 -1
8 0 58 24 48 12 92 40 64 -1
9 1 95 4 60 25 70 49 -1
10 0 22 6 75 17 25 49 -1
11 0 96 78 2 41 11 38 81 64 -1
12 0 26 69 16 87 79 42 67 89 -1
13 0 39 11 51 70 42 19 53 20 -1
14 0 9 93 78 34 59 99 13 -1
15 0 15 26 57 88 3 54 87 -1
16 0 41 75 99 71 92 83 84 -1
17 0 77 90 46 8 38 20 1 -1
18 0 70 26 2 15 93 78 83 -1
19 0 64 72 58 56 42 66 52 69 -1
20 0 60 26 13 84 63 43 -1
21 1 30 57 52 51 82 93 -1
22 0 89 77 59 100 88 18 -1
23 0 68 82 20 46 27 60 -1
24 0 78 35 30 25 96 69 -1
25 0 71 56 18 45 70 12 54 23 -1
26 0 50 37 9 45 97 8 17 86 -1
27 0 70 84 24 13 44 92 31 10 -1
28 0 65 94 1 72 23 48 -1
29 0 83 30 73 98 12 92 -1
30 1 41 54 50 67 90 -1
31 0 71 37 66 72 35 60 15 -1
32 0 10 76 41 55 69 11 8 13 -1
33 0 64 17 14 6 59 85 -1
34 0 57 9 94 25 40 51 86 -1
35 0 12 79 97 19 17 38 -1
36 0 37 82 90 72 13 93 -1
37 1 1 72 77 20 24 93 -1
38 0 71 15 41 30 62 54 55 76 -1
39 0 74 87 77 66 69 80 -1
40 0 76 70 6 25 9 93 51 52 -1
41 0 96 64 4 5 69 29 26 -1
42 0 5 51 72 57 55 90 8 -1
43 0 46 96 44 30 45 93 -1
44 0 88 85 2 29 75 56 -1
45 0 52 31 2 88 74 41 6 -1
46 1 93 18 78 65 39 90 85 4 -1
47 1 84 45 98 48 18 97 63 -1
48 0 94 92 2 6 63 1 97 -1
49 1 83 18 63 77 78 37 -1
50 0 7 14 16 21 27 43 62 68 81 95 100 -1
-1
8 0 12
16 22 40 
24 0 2
32 40 6
40 0 21
48 0 2
-1
