1 1 726 262 668 879 803 462 166 970 -1
2 0 791 338 7 859 772 440 -1
3 1 15 258 793 419 267 63 144 880 750 632 -1
4 1 684 210 125 723 343 742 361 -1
5 0 373 6 71 960 309 927 50 -1
6 0 859 327 382 187 984 727 -1
7 0 936 354 934 324 830 709 999 282 569 -1
8 0 996 177 542 714 944 481 139 740 316 699 573 -1
9 0 226 73 373 863 54 420 784 693 70 973 -1
10 0 205 992 190 722 949 480 291 675 343 333 -1
11 0 472 293 687 358 336 702 -1
12 0 134 89 293 608 789 550 646 347 701 545 791 -1
13 0 238 684 550 348 919 195 730 257 -1
14 0 716 197 324 404 154 111 555 -1
15 0 432 784 189 880 392 56 -1
16 0 100 306 535 261 619 466 -1
17 0 745 680 532 302 875 761 -1
18 1 856 991 4 981 661 965 960 255 201 207 269 -1
19 0 909 754 420 673 563 715 6 4 -1
20 0 532 484 228 412 974 920 676 577 762 703 -1
21 0 746 318 405 962 386 243 368 -1
22 0 393 979 465 636 655 372 745 99 232 932 -1
23 0 376 615 782 566 89 375 55 160 861 -1
24 0 485 564 746 271 477 172 568 255 830 969 -1
25 0 615 693 143 428 43 566 435 -1
26 0 949 674 311 832 857 280 -1
27 0 817 513 48 841 140 77 720 964 -1
28 1 78 919 909 87 93 485 -1
29 0 420 98 866 497 962 936 -1
30 0 551 727 902 498 646 27 729 692 116 367 -1
31 0 645 932 657 229 455 706 311 793 43 200 -1
32 0 791 749 329 181 318 829 12 -1
33 1 968 281 228 743 482 967 410 778 948 404 -1
34 0 768 463 211 943 277 567 593 602 -1
35 0 936 531 92 443 556 210 948 620 876 -1
36 1 478 809 1 451 666 637 665 495 696 246 -1
37 0 239 932 671 19 113 621 489 963 429 79 595 -1
38 0 136 24 146 818 885 494 22 415 -1
39 0 143 579 910 32 84 340 -1
40 0 723 822 460 662 538 841 991 958 -1
41 0 299 834 139 705 856 449 -1
42 0 737 560 207 675 359 394 -1
43 0 703 975 617 423 102 183 61 744 -1
44 0 709 265 905 264 560 324 339 631 964 374 -1
45 1 982 705 69 584 216 737 -1
46 0 336 712 29 629 502 946 368 798 185 158 -1
47 0 943 424 785 25 633 281 779 710 -1
48 0 691 255 473 485 502 436 709 47 821 -1
49 0 786 829 849 145 777 232 -1
50 0 694 326 211 648 420 308 439 736 695 -1
51 0 806 712 79 816 404 342 253 78 -1
52 0 655 801 291 337 755 695 933 317 -1
53 0 665 966 162 173 801 208 -1
54 1 222 276 69 576 88 179 -1
55 0 593 654 721 423 908 713 14 -1
56 0 830 39 734 966 833 725 607 -1
57 0 825 171 652 347 389 760 643 476 742 676 129 -1
58 0 697 728 607 536 470 172 664 332 290 -1
59 1 853 83 851 356 590 239 47 9 891 329 -1
60 0 377 185 983 613 116 797 -1
61 1 500 353 94 182 213 472 418 -1
62 0 453 808 251 465 552 974 982 27 115 498 -1
63 0 410 957 189 919 561 951 977 814 893 530 -1
64 0 568 520 398 138 868 144 -1
65 1 439 617 766 947 457 796 -1
66 0 797 332 968 884 249 930 733 307 582 423 -1
67 0 710 440 6 139 767 670 913 111 166 883 9 -1
68 1 613 279 880 744 350 331 525 494 51 469 141 -1
69 0 20 178 661 945 521 113 590 750 486 841 853 -1
70 0 888 642 273 112 539 994 952 128 611 -1
71 0 479 154 322 612 845 344 389 -1
72 0 342 460 751 133 742 843 627 85 514 825 913 -1
73 1 76 906 425 929 153 559 487 -1
74 0 975 188 13 375 635 498 -1
75 0 459 836 917 287 315 294 -1
76 0 193 546 227 469 447 340 -1
77 0 37 811 439 671 54 4 882 727 519 289 530 -1
78 0 177 775 937 278 143 471 -1
79 0 47 524 640 267 731 33 467 664 37 538 526 -1
80 0 620 133 984 689 962 982 565 294 115 -1
81 0 70 938 46 198 94 969 515 -1
82 0 615 72 765 628 802 484 -1
83 0 889 914 399 659 854 648 279 784 729 738 470 -1
84 0 323 886 992 143 159 660 106 687 -1
85 0 265 521 242 393 141 631 -1
86 0 393 115 63 359 624 177 705 463 100 -1
87 1 500 514 740 369 35 168 833 201 53 921 578 -1
88 0 919 111 132 146 162 342 -1
89 0 216 63 444 23 209 812 83 92 325 -1
90 0 162 349 969 143 251 118 903 690 455 -1
91 0 815 433 294 961 97 101 437 565 441 -1
92 1 412 362 110 672 909 338 930 815 539 -1
93 0 173 429 356 151 132 60 -1
94 1 904 466 139 602 776 532 988 19 706 -1
95 1 618 934 54 244 247 596 989 347 373 341 704 -1
96 0 630 245 689 478 852 844 679 203 281 446 776 -1
97 0 600 644 240 637 625 767 62 -1
98 0 442 828 590 604 422 601 326 116 -1
99 0 582 873 494 581 448 780 -1
100 0 409 497 270 649 617 472 280 -1
101 0 594 215 206 824 860 33 -1
102 0 691 496 970 42 255 823 724 656 -1
103 1 761 887 178 189 907 362 446 431 736 432 -1
104 0 353 871 572 561 532 970 784 -1
105 0 975 143 865 150 288 728 18 410 -1
106 1 406 976 806 88 708 416 139 595 551 23 -1
107 0 629 127 513 759 718 332 -1
108 0 162 822 817 86 4 494 -1
109 0 367 961 517 283 659 418 481 880 -1
110 1 999 284 939 787 33 844 340 -1
111 1 850 293 138 600 45 747 637 414 355 949 143 -1
112 0 758 197 782 350 934 440 389 986 914 927 -1
113 1 271 333 357 977 938 835 635 195 599 785 453 -1
114 1 487 951 688 738 379 447 777 682 -1
115 0 156 797 358 879 277 748 473 883 938 259 400 -1
116 0 936 557 601 528 103 571 460 957 123 -1
117 0 119 431 707 356 110 893 20 428 615 266 608 -1
118 0 991 424 907 271 133 552 414 538 950 -1
119 1 784 813 41 836 475 253 82 520 84 184 179 -1
120 0 181 180 818 559 358 777 993 895 594 478 295 -1
121 0 58 553 422 228 193 407 502 118 -1
122 1 933 758 352 1000 726 898 459 989 651 -1
123 0 347 874 328 983 988 606 86 736 -1
124 0 669 760 681 605 57 666 998 302 555 407 -1
125 0 838 674 696 917 928 121 348 966 -1
126 1 627 954 105 128 317 544 -1
127 0 545 534 168 434 591 26 558 528 54 -1
128 0 225 310 391 307 858 19 -1
129 0 686 413 637 946 594 528 995 411 -1
130 0 35 650 534 776 815 909 -1
131 0 564 348 335 924 498 961 -1
132 0 879 935 98 235 121 381 904 539 687 -1
133 0 617 78 321 102 660 650 287 664 495 -1
134 0 18 712 592 469 289 22 -1
135 1 612 405 289 938 91 563 134 767 348 339 315 -1
136 0 321 55 439 718 145 213 242 978 -1
137 0 168 236 23 923 444 809 418 -1
138 0 267 422 587 679 853 397 755 758 -1
139 0 426 53 635 273 604 183 781 -1
140 1 231 337 649 134 940 511 823 -1
141 0 541 803 264 716 488 610 47 699 256 -1
142 0 852 530 538 718 140 55 928 189 353 921 687 -1
143 0 795 352 832 204 367 691 442 -1
144 0 981 938 790 240 559 242 207 857 946 -1
145 0 192 327 799 182 979 980 556 167 642 971 -1
146 0 96 54 256 166 62 209 887 479 890 -1
147 0 251 495 356 962 919 303 673 50 -1
148 0 337 629 807 912 144 508 555 -1
149 0 261 88 80 544 535 132 303 491 -1
150 1 410 802 248 417 966 568 80 -1
151 0 454 759 276 625 470 84 -1
152 0 274 862 312 747 740 893 492 757 63 -1
153 0 183 965 221 379 289 912 988 904 172 109 -1
154 1 761 628 387 302 991 222 158 151 363 308 110 -1
155 0 525 680 550 533 221 60 -1
156 0 940 857 388 398 270 840 772 362 516 607 172 -1
157 0 129 993 721 68 284 401 -1
158 0 445 109 560 357 850 107 875 -1
159 0 356 432 518 677 33 98 804 770 778 -1
160 0 529 157 228 855 415 704 365 294 24 876 783 -1
161 0 43 172 264 147 515 469 640 -1
162 0 767 391 36 831 871 745 211 -1
163 0 490 770 174 135 612 737 969 272 499 -1
164 0 707 316 643 110 862 913 318 845 322 351 211 -1
165 0 518 701 477 361 907 943 277 259 -1
166 0 515 609 708 129 816 191 403 766 259 220 -1
167 0 68 138 312 495 107 379 241 -1
168 0 786 5 176 692 766 361 944 93 -1
169 0 333 415 422 849 894 916 230 542 321 -1
170 0 669 944 182 1 546 871 -1
171 0 958 746 133 828 620 341 7 426 905 32 571 -1
172 0 874 108 170 848 350 879 182 961 706 197 68 -1
173 1 751 569 101 683 433 710 980 -1
174 0 17 260 379 825 612 897 176 106 -1
175 0 326 782 608 402 936 806 524 807 530 -1
176 0 552 298 720 346 453 875 211 -1
177 0 572 155 142 810 990 261 902 536 935 -1
178 1 22 876 455 179 429 67 303 -1
179 1 924 31 340 894 624 897 638 406 931 -1
180 0 790 352 228 60 864 410 278 641 76 502 -1
181 0 918 767 248 262 480 223 473 -1
182 1 898 857 290 547 779 263 616 685 -1
183 0 15 226 747 724 680 842 737 597 976 491 -1
184 0 834 655 82 577 624 707 -1
185 0 496 140 249 793 624 337 859 883 -1
186 0 503 584 790 335 987 81 716 -1
187 1 899 982 75 557 789 903 -1
188 0 755 572 912 57 482 971 449 524 740 229 591 -1
189 0 476 50 663 69 838 506 914 749 718 670 809 -1
190 1 484 591 296 810 449 717 496 326 -1
191 0 547 867 488 521 486 346 -1
192 0 202 564 75 870 159 933 175 95 -1
193 0 761 134 178 240 724 907 288 573 747 445 842 -1
194 0 981 523 863 836 860 809 838 237 -1
195 0 377 264 987 290 287 223 -1
196 0 10 128 267 113 514 573 -1
197 0 721 710 466 985 293 764 8 904 870 981 88 -1
198 0 833 380 266 843 718 117 342 -1
199 0 681 314 560 204 930 345 319 -1
200 0 607 586 198 262 516 662 901 -1
201 0 187 952 842 602 402 163 -1
202 1 644 346 671 269 683 760 -1
203 0 534 857 942 339 53 732 882 517 491 940 -1
204 0 326 746 405 982 177 577 566 974 323 -1
205 0 451 788 234 607 893 998 197 212 -1
206 1 154 646 712 494 485 552 196 329 -1
207 1 385 757 535 42 167 960 872 270 -1
208 0 932 453 836 820 270 352 357 -1
209 0 751 339 491 494 634 426 674 842 827 41 -1
210 0 779 875 289 147 753 628 59 845 674 484 -1
211 0 394 191 522 891 738 649 -1
212 1 592 368 637 276 270 745 788 203 819 482 128 -1
213 0 853 386 691 786 484 712 -1
214 0 988 996 80 990 255 866 535 323 364 887 -1
215 0 550 95 548 129 166 917 699 836 192 797 -1
216 0 147 703 422 905 790 530 339 426 168 -1
217 0 543 420 378 869 38 506 266 997 161 189 -1
218 0 532 321 266 407 664 547 710 810 619 -1
219 0 810 2 541 246 997 191 196 960 28 507 -1
220 1 370 545 683 666 597 287 348 817 991 993 449 -1
221 0 437 820 55 846 468 463 770 738 355 763 154 -1
222 0 683 650 375 954 877 771 -1
223 0 775 377 919 163 989 767 810 629 -1
224 0 579 701 625 12 584 814 871 923 427 741 -1
225 1 129 518 759 90 61 751 630 807 694 443 -1
226 0 958 483 234 853 315 571 191 609 -1
227 0 259 213 876 784 860 342 98 14 245 148 -1
228 0 997 931 166 339 718 366 976 922 -1
229 0 849 641 394 592 463 653 33 977 687 296 -1
230 0 305 866 835 277 875 655 600 -1
231 0 457 654 68 729 607 125 674 314 175 119 610 -1
232 0 268 607 103 894 425 282 812 265 950 423 779 -1
233 0 196 427 804 838 29 508 47 758 770 212 364 -1
234 1 603 53 251 663 174 632 209 -1
235 0 255 722 976 904 69 635 161 558 5 595 888 -1
236 1 697 618 805 31 513 4 830 -1
237 1 809 545 568 354 468 151 913 466 130 619 192 -1
238 0 7 9 352 51 208 133 39 134 250 -1
239 1 104 461 13 551 448 245 194 993 199 -1
240 0 501 957 928 995 289 234 61 485 743 -1
241 1 6 270 542 971 66 846 439 672 -1
242 0 482 866 974 504 696 116 102 12 553 -1
243 1 163 840 489 134 302 797 497 -1
244 1 936 512 603 86 890 70 52 452 -1
245 0 387 899 216 24 976 415 155 296 -1
246 0 967 606 339 872 537 489 658 782 -1
247 0 101 296 980 817 628 140 436 359 465 761 915 -1
248 0 929 536 392 476 134 249 -1
249 0 746 600 396 646 448 380 -1
250 0 237 682 685 834 167 780 332 349 -1
251 0 991 172 970 281 737 382 731 122 -1
252 0 623 917 484 510 804 899 927 865 2 -1
253 1 888 124 349 862 774 558 -1
254 0 230 458 584 803 748 561 132 263 545 -1
255 0 670 341 265 11 865 440 381 -1
256 0 446 736 457 878 777 518 624 307 500 466 -1
257 0 558 539 282 545 680 28 125 116 377 792 993 -1
258 0 14 736 215 592 967 652 128 466 153 -1
259 0 715 691 498 221 42 73 488 441 117 -1
260 0 295 888 402 946 995 297 389 753 629 -1
261 0 763 986 401 499 644 415 548 913 809 957 605 -1
262 0 945 551 385 955 751 258 483 566 822 65 -1
263 0 509 403 800 442 423 365 47 817 142 402 813 -1
264 0 234 506 140 530 912 89 258 75 60 -1
265 1 46 376 119 750 340 709 926 343 404 -1
266 0 533 934 797 456 150 206 339 341 -1
267 0 318 237 96 70 195 883 13 -1
268 0 181 372 628 274 79 96 192 380 444 833 -1
269 0 166 341 211 884 387 355 906 412 568 653 411 -1
270 0 113 933 414 908 388 902 -1
271 0 645 578 922 825 491 926 646 335 222 161 -1
272 0 398 750 528 505 61 914 174 744 -1
273 1 800 562 916 962 497 408 117 93 192 378 861 -1
274 0 189 742 292 249 138 451 -1
275 1 300 389 39 891 279 984 188 573 347 707 -1
276 1 166 302 50 686 772 916 902 555 -1
277 0 530 523 902 60 648 975 120 202 -1
278 0 928 134 648 954 490 839 -1
279 0 796 896 223 258 121 413 935 147 767 -1
280 0 381 595 352 141 629 623 467 272 724 385 354 -1
281 1 856 118 349 906 426 618 4 284 931 762 -1
282 0 703 997 708 350 652 962 592 402 859 860 -1
283 0 979 641 87 298 33 669 -1
284 1 136 79 768 876 259 733 307 837 730 126 -1
285 0 573 150 549 719 669 554 513 805 613 682 815 -1
286 1 670 299 388 892 223 385 -1
287 0 141 76 487 130 523 258 603 -1
288 0 146 930 982 57 187 53 415 801 -1
289 0 267 291 462 147 174 248 436 272 319 -1
290 0 787 975 1 217 740 412 613 -1
291 0 75 834 3 278 288 215 -1
292 0 592 17 576 820 701 116 879 -1
293 0 785 308 716 562 678 334 439 273 -1
294 0 746 672 657 531 716 370 720 -1
295 0 291 644 304 589 634 182 986 186 -1
296 0 807 733 423 950 372 590 192 506 -1
297 0 785 231 735 768 818 923 772 260 57 -1
298 1 867 888 590 209 814 715 -1
299 0 169 182 116 88 433 159 135 3 680 100 456 -1
300 0 345 236 382 113 946 255 138 654 -1
301 0 736 338 535 212 737 275 640 -1
302 1 529 481 646 270 300 75 -1
303 0 216 562 457 539 181 470 38 -1
304 0 369 891 536 528 249 83 862 328 -1
305 0 507 875 101 485 844 676 258 364 563 699 -1
306 1 106 604 868 836 865 331 -1
307 0 302 346 344 653 421 254 643 377 584 510 -1
308 0 607 569 832 597 845 67 460 998 637 64 -1
309 0 158 862 16 908 331 418 865 -1
310 0 673 989 987 710 575 466 623 607 937 489 -1
311 0 175 123 806 203 200 80 -1
312 0 288 655 90 860 270 982 319 153 354 1000 -1
313 0 795 888 379 296 380 8 679 712 725 -1
314 0 305 944 229 857 841 673 800 -1
315 0 509 301 842 182 720 41 613 562 843 356 207 -1
316 0 893 630 655 122 919 957 983 706 360 -1
317 0 412 147 232 7 835 70 292 -1
318 0 902 903 780 278 668 551 73 303 70 774 -1
319 0 614 486 54 384 728 844 179 520 138 544 574 -1
320 0 497 26 521 132 606 519 177 -1
321 0 643 448 501 656 712 798 745 736 110 -1
322 1 147 853 85 612 797 775 -1
323 0 471 616 950 464 965 828 359 489 112 746 -1
324 0 811 652 650 866 504 724 -1
325 0 363 365 27 209 128 408 829 930 617 164 74 -1
326 0 834 883 908 149 769 167 -1
327 0 240 687 879 835 542 397 372 -1
328 0 168 369 686 592 508 183 983 -1
329 0 992 399 514 462 202 369 511 818 469 521 232 -1
330 1 249 581 74 49 43 785 686 -1
331 0 479 133 760 845 794 332 891 400 788 445 604 -1
332 0 381 896 427 766 815 837 71 514 868 344 -1
333 1 17 687 813 873 92 711 794 773 324 471 -1
334 0 150 287 153 792 167 849 -1
335 0 41 389 114 842 954 90 169 500 -1
336 0 536 36 451 619 51 515 -1
337 0 881 260 800 768 694 3 176 544 -1
338 0 352 629 682 167 669 68 543 136 58 126 219 -1
339 0 624 221 866 34 955 191 -1
340 0 888 169 403 302 814 22 174 387 383 957 880 -1
341 0 140 592 804 761 136 434 703 474 -1
342 0 754 582 396 879 976 191 118 950 231 -1
343 0 45 330 357 11 260 558 101 655 490 526 39 -1
344 0 63 133 647 879 987 988 562 457 684 340 -1
345 0 270 332 528 774 344 62 291 422 237 552 800 -1
346 0 777 933 509 182 10 616 441 845 402 -1
347 0 567 912 9 379 51 181 -1
348 0 819 502 198 977 943 193 157 645 -1
349 1 280 892 894 182 517 451 509 557 -1
350 0 511 869 160 425 477 838 647 754 258 191 -1
351 0 951 572 699 177 665 910 916 167 -1
352 0 291 570 549 870 68 334 518 200 -1
353 1 505 762 385 404 199 23 4 94 -1
354 0 355 115 831 281 19 507 186 616 472 -1
355 0 450 377 318 34 970 183 -1
356 0 362 466 396 948 905 944 278 521 -1
357 0 191 204 326 866 542 274 370 622 -1
358 0 603 688 173 387 741 584 298 738 164 253 910 -1
359 0 898 775 170 692 213 750 651 -1
360 0 72 875 285 444 809 441 212 -1
361 0 249 373 527 5 796 185 819 332 520 354 686 -1
362 0 120 826 244 719 888 801 847 104 283 301 242 -1
363 1 451 940 938 229 136 647 34 444 -1
364 0 764 252 979 570 526 994 373 562 719 312 -1
365 0 737 500 947 868 205 424 704 -1
366 1 875 718 810 144 2 123 91 -1
367 0 919 945 203 273 632 97 304 244 988 -1
368 0 38 187 243 896 208 523 324 -1
369 0 274 731 745 898 444 921 905 690 -1
370 1 297 763 681 144 815 493 167 353 -1
371 0 353 794 523 211 433 774 676 355 -1
372 0 274 381 668 224 106 585 38 239 -1
373 0 930 943 592 336 237 343 984 309 607 484 511 -1
374 1 439 463 650 681 938 105 -1
375 0 762 769 492 889 906 610 -1
376 0 508 774 887 889 393 412 769 6 359 503 -1
377 0 27 237 156 54 971 547 71 338 309 261 -1
378 0 122 150 388 247 646 478 656 817 261 -1
379 1 167 88 100 153 183 143 406 364 378 268 85 -1
380 1 513 404 633 384 702 139 905 -1
381 0 63 519 41 564 930 412 568 891 -1
382 0 967 303 181 271 355 106 59 243 -1
383 0 181 175 971 647 529 493 502 947 619 476 -1
384 0 766 365 972 694 138 327 382 757 696 362 944 -1
385 0 553 924 206 14 721 606 236 746 528 -1
386 0 455 745 52 146 521 35 453 136 -1
387 0 966 423 565 85 964 170 190 118 29 -1
388 0 984 766 637 369 362 121 775 595 678 120 998 -1
389 0 472 497 361 553 672 84 139 98 -1
390 1 962 399 550 30 565 720 -1
391 0 465 244 940 19 205 211 674 594 832 79 861 -1
392 0 440 111 898 974 312 338 211 23 -1
393 0 633 673 937 915 344 176 610 256 155 -1
394 0 532 72 462 482 87 431 254 869 98 284 310 -1
395 0 715 30 471 714 640 508 551 -1
396 0 2 912 374 570 673 631 322 -1
397 0 810 165 579 899 68 376 57 598 695 435 108 -1
398 0 92 88 506 183 121 905 -1
399 0 139 672 945 919 467 126 813 176 990 -1
400 0 170 636 402 582 384 908 719 880 175 325 674 -1
401 0 871 741 386 992 328 924 5 114 736 865 267 -1
402 0 841 183 544 98 928 6 -1
403 1 46 411 42 253 955 340 510 -1
404 0 245 524 381 769 71 990 821 776 200 913 -1
405 0 434 26 977 814 329 3 549 99 -1
406 0 883 272 182 855 227 264 479 738 853 -1
407 0 467 613 916 29 253 453 783 -1
408 0 798 925 884 203 817 216 797 67 -1
409 0 872 709 676 265 684 679 621 139 695 135 -1
410 0 83 531 700 844 155 40 970 384 580 667 -1
411 1 150 983 531 507 585 464 797 362 -1
412 0 518 852 332 578 124 971 17 254 522 -1
413 0 169 88 891 356 264 916 320 126 -1
414 0 495 333 120 188 579 504 330 37 23 558 -1
415 0 268 829 831 946 308 438 122 -1
416 0 213 194 526 809 862 732 419 612 810 47 814 -1
417 0 17 271 334 949 96 615 283 995 -1
418 0 974 376 266 616 982 342 -1
419 0 377 778 454 379 999 759 654 356 -1
420 1 397 906 805 934 315 389 172 581 -1
421 0 730 598 967 22 29 901 424 487 -1
422 0 687 59 204 435 978 749 733 241 925 -1
423 0 785 886 447 94 483 889 990 -1
424 0 833 633 208 699 115 594 507 838 -1
425 0 880 355 496 206 516 308 70 916 -1
426 1 670 405 34 763 567 604 -1
427 0 719 585 693 842 75 252 708 68 613 -1
428 0 933 462 176 403 424 667 616 594 -1
429 0 594 509 866 564 788 716 991 921 170 720 384 -1
430 0 131 2 490 205 495 165 488 787 990 584 142 -1
431 1 437 454 666 349 913 834 -1
432 0 348 420 124 434 815 118 914 -1
433 0 180 937 644 144 117 392 977 856 328 145 -1
434 0 299 750 478 596 744 951 919 -1
435 0 784 333 662 547 747 324 345 373 881 237 -1
436 0 46 8 339 491 640 811 113 466 863 507 -1
437 0 651 895 119 260 207 948 346 678 646 -1
438 0 376 679 92 327 867 133 282 626 622 -1
439 1 131 483 263 743 175 677 756 598 851 145 137 -1
440 0 904 986 37 583 206 952 449 987 -1
441 1 395 293 768 425 743 674 757 989 -1
442 0 850 675 691 692 899 288 827 760 839 -1
443 0 3 746 583 871 693 941 24 496 441 115 -1
444 0 498 819 329 986 803 446 263 720 242 -1
445 1 568 332 467 145 410 487 833 89 430 -1
446 1 720 527 689 226 309 138 -1
447 1 157 932 151 16 295 630 306 270 46 564 517 -1
448 0 334 371 376 930 770 524 368 -1
449 0 939 591 479 449 60 911 347 -1
450 1 321 325 940 414 868 158 672 804 181 702 515 -1
451 1 155 800 744 54 501 912 398 827 -1
452 0 584 502 999 604 203 561 954 45 220 -1
453 0 704 733 579 231 732 928 804 602 -1
454 1 260 657 80 159 422 850 302 -1
455 0 927 447 916 412 318 507 624 361 -1
456 0 30 904 602 768 746 936 400 178 390 900 -1
457 0 366 43 251 203 901 57 588 -1
458 0 378 347 505 141 546 276 597 57 -1
459 0 869 225 276 857 49 818 152 -1
460 0 292 267 724 303 727 235 595 604 369 -1
461 0 757 689 973 494 387 123 -1
462 1 244 904 146 905 20 125 408 -1
463 0 226 961 732 707 824 184 275 596 86 855 -1
464 0 392 836 146 109 595 545 561 274 -1
465 1 758 427 339 264 749 310 437 -1
466 0 688 278 125 229 639 651 -1
467 0 541 865 363 658 223 416 285 -1
468 0 214 722 442 884 986 750 -1
469 1 659 657 540 503 87 495 -1
470 0 567 82 502 897 821 404 453 621 375 -1
471 0 890 639 279 276 83 958 33 71 182 -1
472 0 895 734 320 867 825 805 -1
473 0 874 301 543 298 566 59 696 109 253 -1
474 0 725 601 689 574 577 919 83 282 -1
475 0 990 936 32 422 510 644 4 -1
476 0 640 219 524 837 711 966 112 820 36 894 415 -1
477 0 42 296 663 267 83 748 -1
478 0 454 637 256 664 433 62 618 29 339 708 762 -1
479 0 327 469 646 605 51 762 44 808 829 -1
480 0 488 32 130 491 912 64 544 661 927 268 277 -1
481 0 28 363 136 748 673 962 -1
482 0 955 427 555 987 597 21 553 767 916 536 -1
483 0 150 218 623 169 923 853 365 943 -1
484 1 925 916 130 271 518 982 627 507 480 912 474 -1
485 0 946 811 981 165 427 635 821 334 210 402 248 -1
486 0 518 352 320 729 657 984 925 264 -1
487 0 254 613 311 166 153 -1
488 0 511 914 22 694 14 399 -1
489 0 400 956 808 609 936 878 752 -1
490 0 861 331 304 702 618 399 -1
491 0 730 336 335 766 971 501 34 703 86 133 665 -1
492 0 233 192 478 779 653 798 -1
493 0 641 516 892 567 492 801 43 -1
494 1 506 664 920 5 90 468 82 865 321 828 480 -1
495 0 226 852 58 250 464 741 129 4 629 -1
496 0 395 808 170 674 539 423 848 642 -1
497 0 8 881 941 771 433 142 858 -1
498 0 400 108 599 971 605 493 339 95 -1
499 0 96 735 171 416 185 286 534 -1
500 0 21 25 40 44 48 56 65 66 77 81 127 137 148 149 152 214 217 218 224 233 238 257 286 351 360 371 383 390 409 417 421 430 438 450 452 458 461 475 512 537 540 554 575 580 586 587 588 589 611 614 626 638 700 713 717 752 756 765 773 781 799 826 847 854 864 877 885 900 911 918 942 956 963 972 985 -1
-1
8 26 0
16 0 33
24 0 3
32 40 27
40 0 30
48 0 30
56 40 30
64 20 0
72 0 37
80 40 15
88 40 23
96 2 40
104 37 0
112 30 0
120 21 40
128 28 40
136 40 38
144 37 40
152 11 0
160 0 1
168 11 40
176 0 40
184 36 0
192 7 0
200 32 0
208 0 23
216 0 7
224 31 0
232 17 40
240 13 40
248 19 0
256 40 23
264 0 0
272 0 4
280 34 40
288 7 0
296 34 40
304 40 0
312 0 5
320 40 36
328 14 0
336 40 23
344 0 0
352 0 10
360 10 40
368 4 0
376 23 0
384 0 0
392 40 30
400 17 40
408 38 40
416 16 40
424 40 15
432 0 13
440 33 40
448 0 15
456 22 40
464 3 40
472 0 37
480 8 0
488 40 0
496 27 0
-1
