1 0 96 43 84 156 91 74 -1
2 1 166 188 163 25 148 75 -1
3 0 66 48 25 134 39 91 96 12 -1
4 0 92 82 102 70 18 189 -1
5 0 20 49 118 135 105 75 164 -1
6 0 17 74 56 52 108 109 -1
7 0 163 132 121 64 178 40 -1
8 0 105 111 84 71 6 68 57 34 -1
9 0 178 172 101 23 198 200 135 144 -1
10 1 9 147 44 90 1 163 178 72 -1
11 0 30 74 10 154 21 172 81 117 -1
12 1 199 102 15 143 149 157 71 -1
13 0 128 47 134 174 137 56 22 135 -1
14 0 182 108 195 89 30 186 -1
15 0 33 69 145 138 141 38 53 -1
16 0 48 123 33 182 173 124 152 197 -1
17 0 75 119 115 157 74 38 198 54 -1
18 0 40 2 84 48 182 154 -1
19 1 1 55 76 165 179 72 -1
20 0 142 75 91 193 38 118 191 -1
21 0 79 135 33 132 61 197 1 -1
22 1 51 84 57 33 123 138 -1
23 1 91 41 20 100 200 38 172 -1
24 0 142 153 119 22 68 116 123 190 -1
25 1 161 62 77 80 46 31 2 53 -1
26 0 104 50 96 63 28 5 181 93 -1
27 0 29 150 141 74 121 182 -1
28 1 132 106 62 116 33 197 19 -1
29 0 158 66 160 143 67 112 -1
30 0 169 151 182 165 73 17 12 -1
31 0 27 44 79 140 106 96 135 -1
32 0 147 131 24 41 13 197 167 101 -1
33 0 33 191 21 120 41 55 53 -1
34 0 7 167 59 47 155 29 79 -1
35 0 96 46 44 51 82 8 178 -1
36 0 98 110 4 92 48 8 -1
37 0 101 8 92 67 59 -1
38 1 11 68 178 168 141 65 -1
39 0 86 198 159 126 37 98 139 56 -1
40 0 123 135 120 37 145 191 151 44 -1
41 1 140 42 109 111 34 104 -1
42 0 182 149 175 88 35 191 -1
43 0 22 180 122 73 52 46 -1
44 1 145 130 105 73 15 108 8 -1
45 0 197 68 116 22 125 193 16 51 -1
46 0 199 20 26 68 152 2 188 -1
47 1 58 146 149 177 162 39 -1
48 0 30 193 75 76 104 167 159 -1
49 0 50 187 68 125 19 184 183 118 -1
50 0 149 140 33 120 174 70 -1
51 0 194 160 9 133 21 -1
52 1 59 200 5 109 75 133 -1
53 0 17 178 74 137 166 104 45 -1
54 1 12 17 146 32 108 127 -1
55 0 161 37 145 169 56 138 -1
56 0 99 172 118 62 17 161 -1
57 0 11 34 101 63 13 47 -1
58 1 182 34 38 97 197 61 89 -1
59 0 97 164 109 193 167 71 128 -1
60 0 183 72 73 79 74 68 149 33 -1
61 0 44 48 95 121 170 41 109 -1
62 0 93 138 4 157 72 91 64 56 -1
63 0 65 82 86 156 101 19 -1
64 0 108 41 116 170 81 24 141 44 -1
65 0 123 169 7 184 156 168 170 -1
66 0 102 198 54 23 171 154 114 57 -1
67 0 40 126 113 122 2 59 127 154 -1
68 0 125 7 5 114 111 176 194 80 -1
69 0 189 67 173 123 64 10 -1
70 0 50 136 150 29 184 53 -1
71 0 121 175 172 118 2 94 -1
72 0 77 15 176 126 53 95 -1
73 1 180 11 97 74 143 196 -1
74 0 151 177 41 74 121 18 181 112 -1
75 1 182 71 124 129 23 40 148 167 -1
76 1 196 112 60 175 52 173 40 194 -1
77 0 169 168 133 154 200 193 41 117 -1
78 0 5 199 67 196 187 126 137 -1
79 0 44 122 5 190 10 102 -1
80 0 145 176 117 167 112 19 169 -1
81 0 118 43 145 61 173 155 -1
82 0 129 119 95 35 183 64 59 -1
83 0 19 112 49 165 10 151 43 81 -1
84 1 60 19 9 118 7 79 -1
85 0 184 149 162 146 -1
86 0 35 42 1 179 49 147 158 -1
87 0 72 90 174 125 42 99 16 43 -1
88 0 161 60 83 65 178 35 23 -1
89 0 58 172 53 45 89 3 9 35 -1
90 0 120 46 35 22 10 131 92 -1
91 0 54 79 149 73 190 49 -1
92 0 168 98 120 116 136 1 176 -1
93 0 65 25 187 104 181 171 190 -1
94 0 66 151 65 1 166 16 10 -1
95 1 116 194 193 10 141 62 122 -1
96 0 129 23 187 157 153 30 60 -1
97 0 5 134 1 115 63 160 -1
98 0 53 173 21 110 124 12 66 125 -1
99 0 135 190 98 31 9 185 106 65 -1
100 0 174 132 71 50 183 156 114 -1
101 0 91 120 114 26 119 180 -1
102 1 116 73 150 93 135 137 7 199 -1
103 0 64 6 51 134 24 115 122 95 -1
104 0 158 79 169 70 145 61 159 112 -1
105 0 33 137 25 113 9 66 160 -1
106 0 120 130 147 122 171 140 193 138 -1
107 1 186 37 55 61 83 86 24 -1
108 0 41 101 59 39 92 102 187 27 -1
109 0 126 123 29 49 55 80 -1
110 0 166 168 41 187 105 5 155 -1
111 0 56 133 92 122 31 143 144 -1
112 0 78 98 155 158 10 171 -1
113 1 180 138 66 34 49 128 -1
114 0 83 171 14 148 21 177 74 -1
115 0 185 127 76 61 180 158 -1
116 0 11 24 15 122 147 184 64 123 -1
117 0 8 104 135 6 180 39 152 -1
118 0 191 142 60 136 83 64 -1
119 1 151 199 21 54 117 111 57 1 -1
120 0 87 160 10 94 111 146 75 143 -1
121 0 50 154 198 133 166 56 126 -1
122 0 14 43 75 77 148 29 180 -1
123 1 18 8 38 195 64 106 -1
124 0 41 126 43 71 51 1 16 4 -1
125 0 176 86 180 98 116 40 -1
126 0 36 115 34 161 46 72 -1
127 0 69 67 108 65 96 16 50 -1
128 0 93 141 126 12 37 185 131 84 -1
129 0 72 137 107 70 149 118 -1
130 1 163 137 164 191 56 141 152 -1
131 1 29 78 1 161 124 65 -1
132 0 17 172 140 64 44 194 -1
133 0 127 171 92 151 169 16 190 108 -1
134 0 90 59 104 154 102 45 -1
135 1 85 66 86 190 150 68 -1
136 0 123 84 129 116 62 57 50 140 -1
137 0 62 124 67 99 85 53 112 -1
138 0 154 119 197 169 186 88 50 -1
139 0 59 62 158 133 99 20 -1
140 0 58 47 108 69 57 -1
141 0 82 31 139 42 142 131 -1
142 1 112 157 167 186 101 187 -1
143 0 84 77 27 121 180 186 20 85 -1
144 0 155 4 85 169 65 125 48 40 -1
145 0 102 187 25 81 10 144 -1
146 1 186 109 53 11 82 5 169 -1
147 0 46 145 110 121 82 146 -1
148 0 175 56 77 18 188 38 -1
149 0 91 186 171 187 49 102 -1
150 0 176 125 178 105 148 120 126 78 -1
151 0 31 89 42 17 11 190 53 112 -1
152 0 151 12 5 114 150 146 61 68 -1
153 0 86 43 175 141 26 115 -1
154 0 145 183 85 140 117 68 121 122 -1
155 0 66 199 60 73 50 178 -1
156 0 141 68 22 88 87 19 71 -1
157 0 62 35 94 41 2 77 -1
158 0 107 40 61 63 48 196 -1
159 0 28 9 83 107 57 99 -1
160 0 167 28 113 98 114 94 171 -1
161 0 77 122 193 115 160 200 -1
162 1 100 90 4 87 77 95 -1
163 0 37 138 166 158 175 1 173 12 -1
164 0 69 74 185 44 128 106 154 153 -1
165 1 188 67 39 94 30 35 -1
166 0 117 50 191 65 76 3 84 68 -1
167 0 35 54 160 30 29 44 198 -1
168 0 28 138 149 193 190 146 35 153 -1
169 1 104 60 139 95 101 180 106 102 -1
170 1 140 34 30 137 19 -1
171 1 52 117 179 148 141 192 43 -1
172 0 156 70 187 45 31 158 85 -1
173 0 75 10 163 26 107 112 34 77 -1
174 0 176 101 25 173 78 112 -1
175 0 159 126 144 28 21 194 -1
176 0 94 149 18 153 116 55 24 -1
177 1 127 165 179 28 89 33 -1
178 1 20 164 50 110 198 66 121 171 -1
179 0 23 171 33 14 68 104 141 94 -1
180 0 181 119 13 113 35 123 -1
181 0 155 153 107 5 190 30 90 -1
182 0 125 26 15 85 61 152 107 60 -1
183 0 110 70 32 92 97 181 126 -1
184 0 10 17 5 89 144 61 181 -1
185 1 66 68 76 154 97 173 146 70 -1
186 1 123 63 109 182 98 72 -1
187 0 4 115 167 121 51 3 -1
188 1 117 157 127 51 45 41 11 -1
189 0 169 87 93 83 176 152 48 101 -1
190 0 15 60 146 25 95 132 65 175 -1
191 0 138 133 39 78 64 35 193 -1
192 0 166 151 52 77 178 14 -1
193 1 136 173 146 23 181 191 11 183 -1
194 0 152 178 172 159 109 5 151 156 -1
195 0 131 103 101 48 180 77 -1
196 0 45 28 74 117 144 37 2 -1
197 1 86 147 64 90 88 43 11 -1
198 0 107 91 31 6 194 189 143 -1
199 0 159 7 193 152 105 16 59 52 -1
200 0 157 200 152 91 45 105 -1
201 1 89 199 124 99 106 28 6 163 -1
202 1 78 183 53 111 21 32 1 -1
203 0 21 48 196 133 8 20 167 45 -1
204 0 186 145 108 102 21 15 84 194 -1
205 0 137 141 15 132 29 185 -1
206 1 109 69 16 106 89 81 33 -1
207 1 26 172 131 177 39 5 191 122 -1
208 0 92 153 53 154 57 143 105 7 -1
209 0 176 98 157 30 32 195 -1
210 1 142 15 84 86 152 164 199 -1
211 0 14 133 139 81 31 144 -1
212 0 109 65 81 136 142 154 162 128 -1
213 0 43 61 14 78 34 144 5 -1
214 0 102 195 66 129 52 120 86 -1
215 0 178 169 161 1 162 168 -1
216 0 194 59 155 168 151 134 -1
217 0 138 134 156 75 111 122 -1
218 0 37 195 98 7 48 157 -1
219 0 155 65 5 173 59 61 121 67 -1
220 1 48 187 42 22 163 4 164 107 -1
221 0 185 200 28 197 112 168 -1
222 0 66 110 25 105 139 94 -1
223 0 114 178 29 43 143 173 99 -1
224 0 29 52 70 151 60 101 -1
225 1 109 148 8 45 19 139 -1
226 0 105 82 100 127 65 138 -1
227 1 77 51 58 55 61 184 166 -1
228 1 115 175 83 55 92 162 -1
229 0 153 67 16 100 129 170 161 -1
230 0 93 134 54 85 45 98 -1
231 1 133 108 172 148 90 12 159 -1
232 0 59 158 139 155 74 66 -1
233 0 183 43 176 161 197 196 -1
234 0 44 119 142 36 93 124 -1
235 0 180 67 33 109 34 127 -1
236 0 191 83 134 1 198 53 -1
237 0 14 44 124 59 147 56 71 -1
238 0 168 41 133 164 45 127 131 -1
239 0 47 85 24 23 79 180 164 191 -1
240 0 89 44 91 120 59 -1
241 1 51 175 196 3 24 94 187 33 -1
242 0 112 96 49 104 89 152 176 -1
243 1 88 11 33 142 163 123 140 -1
244 0 134 150 77 43 35 19 -1
245 0 45 160 94 116 67 12 186 -1
246 0 157 17 78 166 16 55 132 -1
247 0 68 120 119 97 184 175 29 198 -1
248 0 60 81 51 132 177 30 137 -1
249 1 15 197 137 80 196 6 141 -1
250 1 133 103 83 5 43 48 -1
251 0 123 116 9 7 20 115 156 166 -1
252 0 130 8 170 194 57 117 79 -1
253 0 76 26 68 111 51 43 27 -1
254 0 80 123 64 95 71 115 114 -1
255 0 190 198 123 99 191 75 -1
256 0 98 147 150 66 21 96 -1
257 0 138 153 87 181 159 76 137 92 -1
258 0 94 42 77 17 27 163 164 112 -1
259 0 39 137 36 115 44 33 120 -1
260 1 158 160 109 163 115 54 127 110 -1
261 0 1 190 174 144 80 127 64 129 -1
262 0 58 143 127 54 184 76 148 -1
263 0 142 131 158 25 159 154 171 -1
264 0 64 80 67 196 140 48 -1
265 0 68 41 44 6 32 52 -1
266 0 85 73 162 200 116 171 28 59 -1
267 0 154 12 85 33 89 53 -1
268 1 168 81 197 162 21 57 -1
269 0 194 138 77 14 115 58 118 79 -1
270 0 189 40 109 112 137 63 184 -1
271 1 188 55 18 116 166 75 189 72 -1
272 0 80 24 184 115 134 121 10 -1
273 0 18 124 122 192 35 93 159 -1
274 0 5 104 123 177 119 62 3 68 -1
275 0 145 196 170 112 24 39 115 100 -1
276 1 181 138 59 133 97 102 -1
277 1 103 102 132 100 98 83 76 -1
278 0 169 25 55 89 43 93 37 64 -1
279 0 37 67 164 76 179 25 -1
280 0 116 74 112 80 160 101 21 -1
281 0 43 84 55 69 7 74 -1
282 0 171 18 174 27 44 198 -1
283 0 80 166 144 117 2 152 160 -1
284 1 59 83 75 109 54 12 -1
285 0 59 61 44 170 119 114 174 -1
286 0 150 60 168 113 62 181 -1
287 1 122 4 96 44 41 101 59 143 -1
288 0 123 100 40 181 105 33 -1
289 0 145 147 193 131 34 42 -1
290 0 67 170 39 2 90 69 -1
291 0 25 121 98 7 123 153 -1
292 0 37 87 53 52 41 45 148 -1
293 0 149 168 73 15 53 147 -1
294 0 105 197 70 190 176 147 27 -1
295 0 39 101 11 115 16 34 -1
296 0 191 158 67 196 26 154 -1
297 0 119 100 156 162 175 52 165 -1
298 0 120 41 16 47 166 181 195 52 -1
299 0 171 95 86 106 56 160 -1
300 0 148 142 41 188 124 84 -1
301 0 117 118 176 145 25 41 -1
302 0 98 71 193 187 7 131 178 1 -1
303 0 179 70 71 197 25 94 -1
304 0 28 50 70 34 78 89 27 -1
305 0 38 129 192 198 138 147 90 28 -1
306 0 116 92 4 47 19 94 107 -1
307 0 62 67 140 22 192 88 194 5 -1
308 1 14 192 4 193 35 95 78 -1
309 0 38 91 162 61 150 112 128 118 -1
310 0 123 94 191 95 74 143 -1
311 1 182 120 96 178 119 -1
312 0 95 183 180 152 126 58 -1
313 0 56 47 40 133 159 120 -1
314 0 110 108 165 192 156 147 37 96 -1
315 0 31 172 15 163 94 8 192 38 -1
316 0 198 83 190 39 196 13 43 -1
317 0 177 181 49 50 51 125 -1
318 0 40 31 91 171 182 100 -1
319 0 55 157 99 96 172 22 -1
320 0 103 83 89 23 154 110 115 -1
321 0 150 20 196 56 187 16 190 18 -1
322 0 173 155 194 25 89 153 -1
323 0 93 131 86 128 146 178 -1
324 1 50 15 136 126 26 139 -1
325 0 81 151 166 11 132 83 -1
326 0 6 45 55 2 11 191 28 59 -1
327 0 174 96 22 5 133 192 134 -1
328 0 141 170 4 181 186 106 10 7 -1
329 1 16 23 140 43 106 148 -1
330 1 92 77 115 30 194 135 -1
331 0 24 121 189 120 33 49 6 114 -1
332 0 49 64 1 173 40 149 13 122 -1
333 0 114 193 68 177 131 124 158 197 -1
334 0 176 78 2 30 131 36 -1
335 0 144 36 122 81 97 66 161 -1
336 0 35 69 59 22 99 127 52 142 -1
337 0 195 37 172 90 102 115 197 119 -1
338 0 4 99 44 15 61 131 -1
339 0 177 22 18 82 190 194 145 -1
340 0 164 62 38 70 106 8 -1
341 0 75 164 167 80 126 197 110 -1
342 0 91 31 157 144 20 64 1 -1
343 0 169 120 196 69 143 133 -1
344 0 32 189 11 43 2 111 37 -1
345 0 40 155 52 120 69 163 191 126 -1
346 0 75 134 28 81 12 85 7 -1
347 0 6 145 146 166 57 39 -1
348 0 34 81 78 115 197 151 72 64 -1
349 0 97 36 174 109 178 8 23 -1
350 0 130 170 148 112 7 76 145 -1
351 0 123 62 84 139 23 136 52 104 -1
352 0 120 140 2 22 27 183 157 -1
353 0 115 104 57 70 58 145 -1
354 0 148 96 42 158 145 173 -1
355 0 44 56 1 180 171 170 10 -1
356 0 122 19 120 41 38 60 170 108 -1
357 1 35 69 53 3 11 52 57 -1
358 0 15 32 116 53 12 119 -1
359 0 58 177 36 137 189 104 65 -1
360 0 178 100 124 182 20 160 82 140 -1
361 0 176 31 82 80 58 191 53 195 -1
362 1 122 185 140 188 147 175 194 114 -1
363 0 87 21 12 30 9 -1
364 0 180 172 177 24 187 157 -1
365 1 43 117 6 36 22 121 -1
366 1 136 10 116 107 173 115 -1
367 0 189 200 84 141 168 198 92 -1
368 0 84 75 190 199 34 193 5 -1
369 1 192 171 11 190 18 13 12 -1
370 0 162 176 131 179 48 186 -1
371 0 34 27 99 94 195 110 108 -1
372 0 114 158 94 63 150 76 -1
373 1 90 158 1 51 154 12 -1
374 0 133 80 200 106 113 40 -1
375 0 88 192 199 148 23 175 -1
376 0 4 160 106 97 116 50 42 96 -1
377 0 156 57 141 54 109 42 128 -1
378 0 132 179 136 195 74 101 76 -1
379 0 168 172 21 104 66 188 -1
380 1 106 111 44 171 150 67 35 -1
381 0 186 190 189 97 149 29 -1
382 1 168 110 128 38 47 136 -1
383 1 149 21 28 67 146 127 108 -1
384 0 193 16 64 80 38 125 105 -1
385 0 163 155 181 179 161 176 95 194 -1
386 0 31 112 82 66 90 29 133 83 -1
387 0 57 53 26 102 62 -1
388 0 168 146 47 66 114 -1
389 0 183 11 179 168 158 98 149 -1
390 0 33 187 199 125 105 60 -1
391 1 59 120 4 150 79 164 80 31 -1
392 0 130 32 186 18 43 133 -1
393 0 89 70 146 95 165 28 -1
394 0 129 198 62 134 108 41 84 32 -1
395 0 20 121 183 199 73 188 39 145 -1
396 0 54 149 119 166 108 116 -1
397 0 22 42 1 190 196 -1
398 0 94 7 99 140 40 6 23 -1
399 0 78 197 191 31 133 200 -1
400 0 27 122 194 68 46 34 -1
401 0 164 77 177 147 167 173 148 -1
402 1 148 79 63 22 66 128 2 -1
403 1 175 122 143 176 185 65 96 110 -1
404 0 151 95 196 133 139 121 187 -1
405 0 148 89 109 186 152 108 114 49 -1
406 0 14 151 53 159 5 118 178 -1
407 0 56 151 132 63 165 180 160 -1
408 0 131 82 125 45 106 69 -1
409 0 92 178 155 106 122 107 78 133 -1
410 0 140 121 93 71 24 89 169 115 -1
411 0 20 190 9 125 91 67 -1
412 0 127 126 168 85 39 89 80 109 -1
413 0 177 34 118 139 164 24 102 -1
414 0 34 87 75 25 78 140 81 -1
415 0 121 63 52 168 31 32 -1
416 0 36 88 134 124 13 195 -1
417 0 154 41 10 177 23 104 15 -1
418 0 50 104 177 7 84 72 47 164 -1
419 1 67 152 64 77 75 17 -1
420 0 97 146 19 174 143 72 -1
421 0 134 65 64 87 146 172 109 -1
422 0 181 128 87 171 49 17 8 -1
423 1 93 160 154 141 52 47 133 -1
424 0 80 146 42 142 100 27 -1
425 1 1 103 167 140 131 192 11 19 -1
426 1 43 44 111 68 104 27 5 76 -1
427 0 54 172 181 74 145 49 43 141 -1
428 0 165 132 117 196 97 122 1 109 -1
429 0 4 112 53 180 111 159 -1
430 0 44 90 100 191 61 140 -1
431 0 142 132 173 161 3 51 93 -1
432 0 66 42 175 121 39 56 -1
433 0 1 154 127 119 46 193 189 -1
434 0 182 35 60 58 169 197 172 -1
435 0 89 129 96 153 102 155 -1
436 0 128 200 126 47 167 39 -1
437 0 65 179 115 120 85 48 23 -1
438 0 149 70 61 63 192 125 -1
439 0 103 87 180 174 20 93 37 -1
440 0 175 62 63 34 115 72 130 -1
441 1 25 192 43 164 52 10 121 182 -1
442 0 106 48 74 182 105 130 91 -1
443 0 122 137 126 182 33 125 164 29 -1
444 0 96 170 149 141 195 91 -1
445 0 60 146 149 167 89 1 -1
446 0 101 94 122 162 115 179 -1
447 0 77 36 50 116 43 131 39 -1
448 0 33 171 53 24 13 137 -1
449 1 126 3 171 109 182 1 -1
450 1 170 186 59 74 82 72 98 -1
451 1 43 65 100 137 59 73 -1
452 0 142 8 100 88 184 156 -1
453 0 156 85 1 66 57 175 43 -1
454 1 81 75 57 195 61 17 47 -1
455 1 105 106 60 12 57 197 125 44 -1
456 0 88 45 1 92 138 55 170 127 -1
457 0 110 135 193 138 75 35 62 -1
458 0 69 99 166 32 31 142 178 133 -1
459 0 99 74 54 19 55 71 45 67 -1
460 0 195 71 178 43 55 38 42 -1
461 0 25 77 23 158 146 143 -1
462 0 10 132 89 28 134 118 81 -1
463 0 136 26 57 55 79 32 167 -1
464 0 175 152 179 94 196 55 130 -1
465 0 63 41 186 29 91 79 15 191 -1
466 1 73 13 35 61 133 75 23 -1
467 0 187 15 79 189 1 53 -1
468 0 158 59 94 40 159 96 116 14 -1
469 0 152 147 12 75 175 20 68 -1
470 1 70 93 120 183 164 123 79 -1
471 0 83 119 33 191 62 178 28 -1
472 0 106 52 118 39 17 79 178 181 -1
473 0 89 84 61 189 129 44 -1
474 0 105 100 166 47 18 62 56 149 -1
475 0 24 18 69 15 54 87 -1
476 0 116 80 108 79 195 160 88 192 -1
477 0 3 196 133 63 103 50 146 -1
478 0 79 76 123 178 155 156 -1
479 0 185 69 184 122 115 102 56 -1
480 0 12 31 40 44 109 25 -1
481 0 31 167 137 165 163 -1
482 1 133 104 139 119 88 172 43 -1
483 0 72 69 82 85 165 116 107 -1
484 0 129 104 6 33 193 191 54 -1
485 1 171 139 156 84 42 124 49 -1
486 1 131 61 159 179 106 38 80 34 -1
487 0 117 115 55 182 114 4 -1
488 0 105 148 171 197 88 124 -1
489 0 76 108 32 153 166 9 182 92 -1
490 1 7 187 142 114 119 -1
491 0 25 38 135 170 189 65 113 131 -1
492 0 53 97 38 180 170 198 108 -1
493 1 28 184 40 98 187 161 -1
494 0 187 132 142 200 16 101 83 -1
495 0 151 157 121 57 58 119 200 104 -1
496 0 115 41 78 113 177 42 117 -1
497 0 152 71 101 142 121 42 -1
498 0 60 91 40 52 154 9 144 -1
499 0 152 155 63 141 131 177 100 -1
500 1 37 17 8 200 115 2 169 -1
501 0 45 13 153 70 11 168 -1
502 0 28 49 80 65 50 91 123 147 -1
503 0 93 13 18 91 182 131 146 -1
504 0 93 28 30 83 185 125 48 41 -1
505 0 147 15 21 128 78 88 48 196 -1
506 0 196 122 37 116 125 14 1 -1
507 0 166 60 99 141 146 198 28 -1
508 1 200 62 78 188 58 35 -1
509 0 167 91 147 63 197 34 38 -1
510 0 154 39 131 54 127 17 70 -1
511 0 31 64 56 110 18 150 41 135 -1
512 0 178 124 154 182 180 115 24 45 -1
513 1 88 28 170 106 10 45 74 -1
514 0 17 174 8 49 77 184 2 -1
515 0 106 99 149 164 12 59 -1
516 1 124 22 184 161 25 160 125 141 -1
517 1 17 76 128 123 49 169 -1
518 1 80 14 167 163 185 43 -1
519 1 53 113 41 174 145 65 118 96 -1
520 0 99 180 177 94 37 175 6 87 -1
521 1 103 134 163 64 148 185 -1
522 1 74 42 198 138 153 53 136 126 -1
523 1 78 173 36 34 72 106 15 65 -1
524 0 23 52 171 62 188 117 120 29 -1
525 0 186 35 144 200 10 95 -1
526 0 63 85 79 177 61 26 72 8 -1
527 0 144 142 132 145 157 49 -1
528 0 6 145 158 135 170 169 -1
529 0 31 193 118 48 39 160 -1
530 0 21 114 115 181 158 118 -1
531 0 50 21 80 172 120 38 53 -1
532 0 192 169 8 150 149 146 36 17 -1
533 1 181 179 21 151 97 85 37 127 -1
534 1 21 62 8 68 87 144 2 -1
535 0 176 136 185 20 66 57 116 -1
536 0 147 78 2 121 48 26 118 -1
537 0 198 31 189 47 16 62 57 84 -1
538 1 169 7 40 2 44 69 104 -1
539 1 3 65 182 157 4 147 59 -1
540 0 64 109 164 4 52 120 76 -1
541 0 151 150 37 160 21 59 -1
542 1 23 4 38 46 183 57 154 164 -1
543 0 140 157 75 166 61 24 9 63 -1
544 0 75 143 111 81 144 141 63 -1
545 0 98 95 164 91 41 184 170 160 -1
546 0 62 80 153 32 139 119 126 3 -1
547 1 99 14 171 106 6 141 -1
548 1 69 65 79 149 14 10 -1
549 0 110 61 17 49 182 131 132 81 -1
550 1 27 96 86 99 195 177 154 -1
551 0 113 200 42 22 183 -1
552 0 8 66 53 139 106 173 200 -1
553 0 109 87 185 66 56 24 160 73 -1
554 1 80 81 164 4 109 152 -1
555 0 7 108 184 13 2 60 153 -1
556 0 11 110 44 105 135 21 127 -1
557 1 31 7 84 74 100 130 190 -1
558 0 136 190 121 2 33 130 63 -1
559 0 108 60 91 122 152 20 167 -1
560 0 86 4 117 48 140 174 100 62 -1
561 1 154 179 76 138 73 171 153 78 -1
562 1 23 159 44 174 61 164 -1
563 0 56 42 81 135 76 9 -1
564 0 175 132 2 14 114 82 126 170 -1
565 0 193 2 29 137 64 115 -1
566 0 178 43 114 47 48 24 22 -1
567 0 95 172 147 60 134 12 -1
568 0 160 179 194 23 101 136 42 79 -1
569 0 71 98 129 116 9 135 34 -1
570 0 166 134 149 20 33 127 -1
571 0 90 49 158 77 182 87 27 118 -1
572 0 102 71 44 27 18 49 25 193 -1
573 0 17 2 74 56 72 196 198 -1
574 0 73 95 133 140 89 128 194 -1
575 0 180 17 25 76 102 38 99 197 -1
576 0 100 163 47 24 165 155 19 -1
577 0 193 156 41 73 25 135 -1
578 0 81 86 142 168 65 186 -1
579 0 127 91 30 146 63 195 101 -1
580 0 22 173 200 108 125 157 114 50 -1
581 0 9 129 38 33 181 110 48 -1
582 0 74 5 122 198 125 174 180 3 -1
583 0 113 156 43 91 28 97 80 103 -1
584 0 99 148 92 176 117 144 55 -1
585 0 184 127 186 115 85 14 170 -1
586 0 91 73 132 63 189 101 156 100 -1
587 0 44 43 78 128 100 187 97 -1
588 0 171 79 37 33 73 48 63 182 -1
589 1 123 120 11 41 101 30 198 -1
590 1 32 107 89 159 168 122 -1
591 1 192 111 24 129 48 193 31 155 -1
592 0 191 44 134 15 68 85 -1
593 0 100 28 24 190 175 -1
594 0 37 160 27 118 155 73 95 78 -1
595 1 94 117 4 55 172 160 -1
596 0 161 152 138 182 148 185 22 -1
597 0 60 171 113 152 117 87 -1
598 1 178 184 111 66 58 198 54 114 -1
599 0 184 111 84 25 189 41 3 153 -1
600 0 179 32 91 87 49 127 -1
601 0 55 144 125 18 173 38 185 100 -1
602 0 177 131 1 189 94 178 -1
603 0 193 83 48 141 124 40 52 182 -1
604 0 62 52 119 170 147 193 55 159 -1
605 0 101 88 36 3 82 25 189 136 -1
606 0 121 19 23 56 185 38 73 -1
607 0 194 132 122 62 127 51 36 -1
608 0 36 144 184 139 187 23 119 -1
609 1 45 171 165 128 85 59 143 -1
610 1 93 86 188 112 179 91 -1
611 0 198 197 93 49 26 79 -1
612 0 129 13 176 155 102 22 186 -1
613 0 105 78 36 190 185 173 88 134 -1
614 0 189 56 96 24 21 160 50 -1
615 0 43 24 196 103 174 122 7 -1
616 0 140 75 22 174 142 94 -1
617 1 47 140 11 55 12 91 156 -1
618 0 57 111 78 183 150 43 42 -1
619 1 160 105 184 67 96 -1
620 0 23 31 75 144 194 133 125 -1
621 1 39 58 120 141 46 177 31 188 -1
622 0 194 85 172 27 134 17 153 30 -1
623 0 194 151 17 109 173 10 -1
624 0 153 110 186 15 152 72 53 85 -1
625 1 2 64 114 104 32 47 -1
626 0 48 171 161 55 54 129 43 135 -1
627 0 38 8 15 67 24 47 168 -1
628 1 22 55 18 83 184 76 43 38 -1
629 0 40 60 108 128 110 -1
630 0 200 99 62 12 125 27 171 -1
631 0 35 144 95 138 5 27 81 -1
632 0 132 81 181 157 129 120 196 -1
633 1 9 36 126 134 114 165 42 129 -1
634 0 58 74 170 137 86 41 96 -1
635 1 36 28 70 191 188 164 -1
636 0 175 25 70 58 36 154 55 -1
637 0 135 157 138 87 18 10 -1
638 0 146 179 41 65 42 -1
639 1 56 124 116 169 93 179 101 -1
640 0 84 55 109 59 114 117 112 -1
641 1 14 96 133 172 160 91 146 -1
642 0 34 105 191 147 145 122 152 81 -1
643 1 136 181 85 41 121 63 109 -1
644 0 139 76 55 147 39 162 73 -1
645 1 122 43 89 119 102 146 157 47 -1
646 0 144 21 87 199 10 188 -1
647 0 17 110 166 140 196 -1
648 0 2 133 6 7 177 45 41 -1
649 1 155 147 9 112 149 14 105 65 -1
650 0 169 125 180 144 63 185 83 -1
651 0 103 66 180 56 52 167 19 64 -1
652 0 43 115 63 95 4 55 -1
653 0 165 138 68 144 125 196 53 -1
654 0 106 120 52 191 22 132 -1
655 0 49 156 84 140 6 86 148 113 -1
656 0 44 143 88 50 46 186 61 159 -1
657 1 14 129 22 97 99 52 -1
658 0 129 165 27 109 2 133 85 -1
659 0 114 101 81 27 139 74 162 188 -1
660 0 151 19 84 132 77 109 159 74 -1
661 0 187 168 136 112 164 99 156 58 -1
662 1 190 93 170 166 199 55 1 32 -1
663 0 92 107 27 118 147 37 157 25 -1
664 0 58 69 55 111 175 160 -1
665 0 187 147 44 68 114 117 58 -1
666 0 11 4 168 132 61 133 -1
667 0 127 13 103 183 106 69 -1
668 1 41 60 39 95 112 89 121 181 -1
669 0 69 167 37 40 41 49 159 68 -1
670 0 39 20 1 175 92 42 -1
671 0 94 182 178 138 181 1 44 -1
672 0 62 43 171 5 50 29 81 184 -1
673 0 71 124 198 181 193 127 78 30 -1
674 1 61 148 60 3 48 105 149 174 -1
675 0 61 101 63 144 43 25 -1
676 1 124 21 75 153 50 144 85 -1
677 0 179 64 92 170 76 12 -1
678 0 152 36 62 26 52 178 44 107 -1
679 0 84 174 50 7 120 157 -1
680 0 118 114 170 100 108 132 -1
681 0 101 103 34 186 8 163 78 -1
682 0 197 145 138 156 135 67 -1
683 0 165 156 69 95 38 41 140 90 -1
684 0 171 185 78 28 197 45 -1
685 0 92 74 31 123 113 29 46 -1
686 0 178 80 48 17 25 35 76 55 -1
687 0 63 166 73 168 4 75 5 -1
688 0 51 12 61 77 50 47 78 142 -1
689 0 54 41 159 199 124 57 84 -1
690 1 166 40 93 3 99 67 45 -1
691 0 34 188 145 164 142 84 166 47 -1
692 0 23 10 33 176 116 11 60 158 -1
693 0 35 198 102 103 172 114 165 48 -1
694 0 34 132 10 46 157 12 88 161 -1
695 1 18 163 142 7 123 115 -1
696 0 56 178 33 176 21 115 -1
697 0 84 189 168 132 122 91 78 196 -1
698 0 148 61 95 103 70 125 -1
699 0 41 34 128 119 176 79 -1
700 1 169 61 177 89 153 57 163 -1
701 0 144 155 114 5 14 138 195 -1
702 0 59 68 62 63 192 154 82 14 -1
703 0 107 100 170 77 6 80 19 177 -1
704 0 69 102 5 179 108 166 139 141 -1
705 0 73 151 68 195 175 91 109 139 -1
706 0 135 12 4 83 122 112 -1
707 0 160 31 155 101 91 174 51 -1
708 0 62 72 54 161 77 12 -1
709 0 101 187 97 147 144 146 182 -1
710 1 28 198 154 66 3 150 60 -1
711 0 111 67 9 1 70 18 32 150 -1
712 0 112 123 130 133 101 120 77 70 -1
713 1 91 134 78 60 107 66 -1
714 0 77 112 172 3 86 137 -1
715 0 94 69 162 39 135 121 24 -1
716 0 85 19 170 68 106 42 135 -1
717 1 50 107 9 32 33 114 156 144 -1
718 1 46 159 75 48 78 -1
719 0 97 186 29 96 123 149 136 -1
720 0 14 124 49 108 3 56 165 147 -1
721 1 123 197 115 54 84 68 40 -1
722 0 130 102 84 149 28 47 54 123 -1
723 0 160 156 47 119 184 170 104 161 -1
724 0 114 26 118 7 194 30 183 1 -1
725 0 118 31 7 110 122 34 -1
726 0 20 110 54 46 100 148 84 77 -1
727 1 147 162 97 76 31 28 86 -1
728 0 47 87 104 40 143 175 -1
729 1 132 20 182 83 17 -1
730 0 91 66 113 51 186 69 -1
731 0 51 10 73 106 166 22 80 -1
732 0 154 101 109 41 185 177 -1
733 0 107 197 81 100 155 94 11 -1
734 1 12 96 172 59 15 50 135 128 -1
735 0 47 122 125 142 73 103 -1
736 0 123 178 196 20 15 50 -1
737 1 168 138 45 150 105 27 7 -1
738 0 76 176 109 141 147 7 15 193 -1
739 0 41 144 37 46 143 49 -1
740 0 13 103 109 141 89 -1
741 0 53 183 52 173 184 45 -1
742 0 82 4 111 73 153 8 97 -1
743 1 142 174 139 41 81 178 -1
744 0 45 65 21 150 113 8 -1
745 1 118 41 111 2 95 193 -1
746 0 181 189 76 62 15 51 123 136 -1
747 0 127 123 178 102 112 22 148 -1
748 0 162 46 122 88 71 86 -1
749 1 136 32 161 155 73 153 9 97 -1
750 1 38 39 40 156 153 101 188 -1
751 1 106 83 6 172 179 135 -1
752 0 64 98 51 108 71 149 83 65 -1
753 0 24 40 162 92 149 137 26 -1
754 0 129 128 169 191 143 198 116 -1
755 0 95 37 167 197 103 24 193 153 -1
756 0 9 43 160 156 103 30 147 130 -1
757 0 88 56 145 37 102 123 151 -1
758 0 67 36 48 132 6 164 168 -1
759 1 163 20 84 172 152 105 -1
760 0 186 169 144 94 189 118 36 -1
761 0 162 143 61 165 137 176 19 109 -1
762 1 123 115 152 71 16 117 155 -1
763 0 70 177 49 157 18 184 121 74 -1
764 1 60 47 4 178 181 155 168 -1
765 0 85 158 143 18 33 59 -1
766 1 124 94 137 68 15 182 -1
767 0 116 172 113 184 56 161 166 195 -1
768 0 134 10 184 189 142 101 30 -1
769 0 121 30 187 51 29 173 107 33 -1
770 1 145 108 148 146 71 24 114 -1
771 0 8 143 61 29 76 144 185 200 -1
772 0 170 63 1 13 127 18 82 98 -1
773 0 131 47 90 79 40 102 167 8 -1
774 1 139 108 77 196 59 153 147 100 -1
775 1 104 64 14 153 194 141 -1
776 0 68 95 169 14 87 35 -1
777 0 168 173 162 95 49 132 -1
778 0 186 142 160 185 42 139 136 -1
779 0 85 180 24 56 33 139 -1
780 0 175 13 104 75 81 90 6 -1
781 0 172 144 131 56 177 134 -1
782 0 101 194 161 183 46 149 49 51 -1
783 0 114 69 62 42 189 19 139 -1
784 0 161 180 199 93 61 193 -1
785 1 179 190 19 97 26 90 -1
786 1 113 2 48 5 74 179 126 -1
787 0 22 110 121 69 107 132 -1
788 0 55 94 123 158 90 14 86 -1
789 0 138 78 85 187 4 128 76 -1
790 0 197 30 46 59 29 86 160 39 -1
791 0 138 3 76 97 16 161 -1
792 0 128 59 88 45 163 49 89 -1
793 1 162 63 46 24 152 -1
794 0 7 9 55 38 6 150 179 -1
795 0 143 158 42 108 165 69 75 -1
796 0 132 19 98 176 179 173 64 -1
797 1 63 77 196 59 14 124 200 185 -1
798 0 73 99 135 129 87 26 -1
799 0 8 14 151 77 61 102 -1
800 0 144 59 55 90 73 179 177 124 -1
801 0 102 93 27 2 172 25 141 89 -1
802 0 116 148 186 26 43 158 -1
803 0 7 106 101 145 48 69 78 59 -1
804 1 132 48 197 14 79 154 130 -1
805 1 63 197 77 175 46 76 -1
806 1 90 142 169 72 100 196 -1
807 1 144 182 173 12 40 164 125 -1
808 0 2 15 67 10 198 66 145 -1
809 0 151 153 63 76 79 195 143 -1
810 0 200 169 83 132 53 22 -1
811 0 125 164 3 116 96 53 118 32 -1
812 1 16 12 184 133 191 87 34 163 -1
813 0 141 150 67 47 195 162 105 57 -1
814 0 176 86 168 195 36 98 -1
815 1 158 67 54 119 121 180 133 -1
816 0 55 76 127 151 84 177 168 -1
817 0 18 102 56 95 87 62 9 159 -1
818 0 134 41 145 89 169 5 -1
819 0 181 177 61 86 120 101 195 157 -1
820 0 33 119 123 93 16 169 9 -1
821 0 71 98 151 111 148 18 42 -1
822 1 129 17 31 199 121 167 187 -1
823 0 14 44 23 2 11 130 141 95 -1
824 0 168 116 54 88 133 33 -1
825 0 94 175 186 102 122 11 -1
826 0 146 126 51 178 10 129 170 193 -1
827 0 76 20 155 115 37 60 -1
828 0 200 134 90 10 167 79 -1
829 1 100 170 156 152 197 7 33 -1
830 0 142 44 187 179 160 181 -1
831 0 55 158 24 190 87 71 -1
832 0 59 141 161 3 139 37 86 -1
833 0 22 151 192 19 66 27 -1
834 0 78 40 163 150 49 68 122 96 -1
835 0 4 123 120 158 128 32 37 60 -1
836 0 118 58 56 190 128 170 41 -1
837 0 165 181 27 167 147 161 -1
838 1 81 115 29 198 66 69 167 -1
839 0 181 104 96 147 112 8 130 -1
840 0 57 33 39 163 171 198 -1
841 0 162 164 185 140 161 172 23 -1
842 1 39 190 46 156 118 184 180 -1
843 0 2 88 38 96 42 41 61 -1
844 0 71 89 46 53 69 28 35 -1
845 0 89 186 96 197 120 187 50 -1
846 0 143 99 98 133 187 51 73 50 -1
847 0 116 23 181 129 178 64 103 118 -1
848 0 151 73 189 75 66 114 142 126 -1
849 0 186 1 148 40 39 -1
850 0 135 31 110 67 192 113 96 155 -1
851 0 28 165 196 164 26 18 162 -1
852 0 6 137 74 67 11 109 -1
853 0 94 161 159 149 93 80 64 59 -1
854 0 33 5 12 191 189 30 151 -1
855 0 66 102 112 23 166 7 52 -1
856 0 186 3 32 188 40 1 97 128 -1
857 0 85 146 180 140 31 90 114 150 -1
858 0 158 31 171 4 7 24 84 142 -1
859 0 77 183 104 66 3 45 200 -1
860 0 55 86 100 19 122 5 140 119 -1
861 0 88 152 45 26 130 30 157 84 -1
862 0 22 84 24 19 124 51 91 -1
863 0 101 144 162 190 36 180 -1
864 0 145 101 6 157 21 28 -1
865 0 44 150 129 45 160 11 24 -1
866 0 45 64 24 125 5 104 152 -1
867 0 44 63 51 96 37 135 -1
868 0 35 194 132 147 77 131 29 54 -1
869 0 82 2 53 125 99 102 -1
870 0 198 160 127 34 166 101 158 98 -1
871 1 76 133 118 109 19 175 -1
872 0 189 2 66 133 34 35 88 3 -1
873 0 199 50 131 6 24 76 154 -1
874 0 5 161 47 77 166 65 83 -1
875 0 82 150 8 132 58 -1
876 0 11 4 125 192 172 20 149 176 -1
877 0 14 151 150 106 170 13 120 109 -1
878 0 11 26 29 134 8 113 195 -1
879 0 68 170 126 88 123 190 103 -1
880 0 87 51 161 31 171 17 7 101 -1
881 0 90 69 162 121 79 102 30 154 -1
882 1 79 23 138 80 76 153 147 -1
883 1 45 78 9 145 21 126 -1
884 0 67 169 9 97 21 70 118 -1
885 1 50 167 17 38 80 30 4 -1
886 0 16 115 46 40 27 187 -1
887 0 100 37 48 95 69 -1
888 0 132 54 35 92 108 109 -1
889 0 23 40 53 43 95 196 -1
890 0 35 28 151 1 188 181 163 -1
891 0 189 6 183 13 81 108 52 -1
892 0 199 38 123 148 185 118 179 167 -1
893 0 52 19 182 47 45 184 189 99 -1
894 0 140 144 29 56 173 117 -1
895 0 100 113 91 75 152 69 90 12 -1
896 0 69 125 51 192 57 27 25 81 -1
897 0 79 11 72 130 73 149 -1
898 0 146 67 39 115 196 49 12 2 -1
899 0 65 120 198 60 148 37 94 102 -1
900 0 108 15 197 181 85 4 51 156 -1
901 0 130 78 22 100 119 193 28 50 -1
902 0 140 162 75 56 37 155 47 77 -1
903 0 65 106 42 142 120 99 148 -1
904 0 21 73 79 100 129 76 2 27 -1
905 0 147 27 188 57 43 44 90 -1
906 0 2 187 36 53 9 81 -1
907 0 35 156 118 96 127 79 48 106 -1
908 1 66 181 149 190 114 99 53 -1
909 0 138 150 128 83 139 -1
910 0 143 62 155 190 173 133 -1
911 0 142 138 174 16 104 164 65 48 -1
912 0 131 178 43 185 129 107 -1
913 0 19 76 71 22 184 92 20 -1
914 0 41 162 78 159 121 105 15 4 -1
915 1 134 79 16 48 69 194 170 -1
916 0 64 42 167 32 89 116 136 -1
917 0 104 120 136 79 69 199 -1
918 0 114 40 1 138 192 54 148 193 -1
919 0 142 188 103 21 46 60 49 149 -1
920 0 130 82 71 85 5 6 177 -1
921 0 117 75 149 8 72 176 172 -1
922 1 86 89 180 59 29 17 61 -1
923 0 42 12 170 195 63 88 175 -1
924 1 39 102 161 43 155 92 156 16 -1
925 0 28 173 89 15 126 17 -1
926 0 66 41 132 189 2 161 -1
927 0 109 88 43 142 21 37 146 -1
928 0 34 200 5 39 20 49 167 -1
929 0 3 119 123 167 182 197 -1
930 0 142 55 118 28 174 12 126 -1
931 0 30 155 46 117 13 141 132 164 -1
932 0 54 144 12 95 178 114 31 38 -1
933 0 92 17 196 102 145 19 20 -1
934 0 106 5 13 92 70 27 55 -1
935 0 184 144 88 198 197 21 10 48 -1
936 0 190 56 200 22 149 169 -1
937 0 151 90 68 1 76 18 -1
938 0 182 127 175 28 87 105 -1
939 0 190 152 23 115 65 9 -1
940 1 195 89 103 56 16 197 25 5 -1
941 1 95 164 106 25 127 171 19 157 -1
942 0 186 66 129 30 70 125 -1
943 0 41 20 192 196 71 4 190 154 -1
944 0 38 121 192 80 49 25 -1
945 0 148 59 76 6 100 169 64 -1
946 0 163 49 43 76 9 185 -1
947 0 189 23 124 129 184 156 76 151 -1
948 0 133 153 156 4 117 43 -1
949 0 123 160 186 54 6 192 -1
950 0 4 64 73 168 89 198 18 3 -1
951 0 158 12 132 142 181 66 -1
952 0 105 124 147 14 9 123 61 -1
953 0 189 193 123 171 1 57 -1
954 0 89 150 122 176 144 138 155 189 -1
955 0 115 176 136 7 140 74 -1
956 0 159 179 121 95 64 187 157 102 -1
957 0 33 30 28 53 63 140 141 -1
958 0 104 136 56 177 169 181 186 21 -1
959 1 151 154 54 109 153 5 43 -1
960 0 88 200 126 103 199 76 60 17 -1
961 0 154 56 114 193 146 94 141 -1
962 0 139 85 65 170 177 159 -1
963 0 99 54 5 176 90 85 163 -1
964 1 72 64 175 96 129 88 2 110 -1
965 0 93 63 10 140 75 4 173 65 -1
966 0 84 11 164 173 103 70 -1
967 0 12 181 46 166 139 138 76 128 -1
968 0 138 7 105 163 122 117 -1
969 0 193 16 82 129 95 184 2 167 -1
970 0 140 54 26 100 25 171 112 -1
971 1 72 155 60 85 73 32 -1
972 0 71 156 10 12 190 179 169 -1
973 1 26 52 116 175 24 71 64 43 -1
974 1 159 72 24 122 107 105 184 -1
975 0 189 115 57 87 36 -1
976 0 33 118 74 168 123 6 133 -1
977 0 61 137 143 187 11 122 40 -1
978 1 45 102 106 11 162 152 -1
979 0 26 138 198 33 191 184 59 -1
980 0 10 45 111 180 30 162 -1
981 0 151 93 16 141 84 126 -1
982 0 160 94 98 88 10 112 137 -1
983 0 131 3 145 128 67 189 -1
984 0 48 164 178 77 122 135 63 59 -1
985 0 169 108 148 49 44 186 144 54 -1
986 0 125 191 6 37 132 47 -1
987 1 97 185 115 137 116 80 -1
988 1 148 77 164 9 129 106 79 -1
989 0 107 161 79 100 112 104 80 186 -1
990 0 146 70 170 16 122 190 -1
991 0 1 62 132 50 51 154 -1
992 0 18 144 13 51 76 42 -1
993 0 77 112 19 24 141 151 30 152 -1
994 0 44 143 84 163 127 100 118 116 -1
995 0 60 146 104 99 31 66 79 -1
996 0 140 64 164 46 41 166 99 77 -1
997 0 139 177 85 104 20 119 110 -1
998 0 198 160 16 20 55 118 144 182 -1
999 0 52 194 4 110 70 27 30 173 -1
1000 0 140 64 -1
-1
8 0 15
16 40 37
24 14 40
32 18 0
40 10 40
48 32 0
56 0 21
64 0 16
72 0 4
80 40 12
88 33 40
96 40 33
104 40 26
112 35 0
120 23 0
128 12 40
136 0 38
144 0 27
152 40 29
160 28 0
168 25 40
176 22 40
184 27 0
192 40 21
200 21 0
208 13 0
216 31 0
224 9 40
232 0 22
240 28 0
248 0 15
256 23 0
264 0 0
272 40 25
280 1 40
288 40 35
296 40 14
304 40 20
312 29 0
320 37 0
328 37 0
336 40 26
344 31 40
352 40 5
360 40 4
368 40 8
376 0 34
384 0 3
392 13 0
400 40 26
408 0 25
416 27 0
424 0 12
432 18 0
440 11 0
448 40 18
456 0 7
464 40 12
472 0 36
480 0 10
488 17 40
496 6 40
504 24 0
512 21 40
520 1 0
528 6 0
536 3 0
544 0 28
552 8 0
560 40 17
568 30 0
576 23 40
584 7 0
592 9 0
600 4 40
608 36 40
616 40 35
624 12 0
632 7 0
640 9 40
648 40 35
656 0 15
664 0 8
672 40 25
680 34 40
688 24 0
696 2 40
704 40 22
712 40 7
720 24 0
728 16 0
736 22 0
744 0 8
752 26 40
760 32 0
768 0 9
776 40 23
784 37 40
792 0 7
800 24 0
808 12 0
816 0 5
824 40 32
832 0 21
840 40 32
848 13 0
856 40 11
864 37 40
872 35 40
880 40 38
888 0 2
896 0 25
904 38 0
912 0 20
920 23 0
928 40 32
936 0 13
944 12 40
952 40 10
960 17 40
968 40 37
976 40 6
984 0 13
992 15 0
1000 34 0
-1
